0001 63 79 68 27 99 85
0002 46 35 28 30 77 41
0011 80 63 99 29 43 78
0012 57 75 69 85 49 65
0013 21 70 26 52 70 80
0014 99 36 39 96 69 44
0015 88 28 27 78 34 43
0018100 29 23 73 44 61
0021 59 42 86 72 34 28
0022 29 34 91 50 92 96
0023 44 61 90 68 46 77
0024 43 92 43 57 36 75
0026 22 91 94 23 74 95
0027 63 84 87 45 36 81
0028 41 85 49 49 26 59
0029 28 77 42 99 23 88
0031 28 61 94 35 68 52
0033 49 34 79100 35 45
0036 50 58 67 75 54 81
0038 26 60 82 57 21 23
0041 27 58 83 51 73 25
0048 98 57 42 25 38 89
0049 59 38 26 91 85 31
0050 75 89 54 66 66 75
0053 32 75 97 99 86 31
0054 65 58 84 86 42 74
0055 64 88 82 45 95 89
0056 75 70 89 71 55 94
0057 64 51 78 98 46 78
0059 82 42 30 54 65 45
0062 28 64 60 99 64 88
0066 71 74 87 55 81 62
0068 99 36100 98 69 46
0071 31 67 73 88 51 79
0072 82 54 44 82 22 23
0075 82 81 92 68 80 42
0077100 55 34 91 38 31
0079 37 50 79 83 42 53
0080 24 36 28 67 55 40
0082 67 42 75 83 24 25
0084 51 89 28 73 63 50
0086 35 56 58 60 53 38
0090 86 55 39 35 90 45
0094 69 56 40 64 52 84
0096 51 40 70 58 64 61
0098 46 89 90 66 38 44
0100 28 82 94 67 25 31
0101 70 65 78 56 94 23
0102 44 43 61 33 95 43
0106 32 96 35 35 52 23
0108 41 75 38 57 53 74
0109 57 82 43 93 25 21
0110 73 87 79 22 71 74
0111 52 72 45 84 74 73
0115 37 92 39 77 66 47
0116 53 25 47 54 87 81
0117 43 58 77 83 68 91
0118 75 36 35 29 38 27
0121 88 36 95 61 86 97
0123 99 41 96 44 35 37
0124 21 68 96 24 73 38
0125 91 88 21 90 74 71
0131 64 35 30 90 46 40
0132 36 26 41 78 72 78
0134 46 41 34 88 90 35
0135 26 94 54 91 79 60
0137 95 34 56 72 89 97
0138 72 22 22 46 72 45
0140 98 97 32 41 98 98
0141 55 99 46 69 61 77
0142 43 24 37 34 44 76
0143 40 77 58 82 54 24
0144 50 72 95 72 63 84
0145 66 39 72 79 84 98
0146 28 38 84 36 60 29
0147 77 98 89 68 76 72
0149 63 94 35 67 33 47
0156 31 32 37 38 70 85
0157 49 60 52 63 71 75
0160 70 28 94 66 39 73
0164 66 88 25 46 46 46
0165 87 72 88 74 58 71
0167 44 97 58 88 60 68
0168 70 38 38 78 38 77
0173 55 45 79 95 81 31
0177 23 90 24 63 75 41
0178 97 47 30 42 30 71
0180 36 79 35 95 30 25
0182 30 26 71 65 54 51
0183 63 89 65 76 55 82
0185 27 36 29 63 84 41
0189 57 42 43 62 56 85
0191 57 46 40 84 95 98
0197100 25 51 79 33 31
0199 24 51 88 27 60 81
0200 54 31 22 74 65 64
0201 64 95 93 27 83100
0203 78 36 97 23 47 95
0204 71 65 68 65100 59
0205 27 41 36 37 26 75
0206 32 51 67 45 74 25
0207 59 54100 72 45 83
0213 65 57 41 60 47 89
0214 33 54 68 53 54 42
0217 24 71 95 22 66 50
0219 58 97 86 27 24100
0221 61 24 99 55 54 93
0225 33 42 29 52 62 86
0226 26 44 22 35 77 69
0229 65 26 39 59 99 45
0230 58 65 35 53 84 96
0232 59 93 41 96 32 45
0233 80 53 83 57 96 45
0235 72 90 59 57 21 45
0236 42 58 79 58 25 62
0238 80 56 53 75 60 31
0241 53 27 37 30 22 24
0243 59 94 41 41 73 38
0244 97 78 29 96 41 56
0245 88 75 99 44 38 99
0246 87 25 46 62 43 24
0247 60 56 78 36 78 32
0251 58 25 45 68 42 97
0252 61 42 89 28 39 33
0253 60 64 37 39 65 82
0254 31 44 89 84 53 22
0255 82 79 92 38 89 50
0256 45 91 47 26 91 69
0257 42 52 85 29 30 34
0260 44 67 76 42 85 24
0264 75 53 66 76 69 70
0271 28 26 84 40100 82
0272 61 61 28 72 92100
0274 48 43 65 75 42 24
0275 58 54 53 31 50 78
0276 32 22 89 76 86 93
0278 21 71 44 97 56 77
0279 76 85 98 78 33 45
0281 74 31 83 93 72 61
0282 83 97 53 48 73 62
0283 53 83 93 73 68 48
0285 53 54 96 32 77 83
0286 23 99 44 21 49 29
0287 37 52 32 34 27 99
0289 69 99 74 82 37 89
0290 98 71 46 81 38 57
0294 51 24 69 47 95 73
0295 87 56 88 21 91 92
0297 97 81 32 83 22 86
0298 81 69 82 53 69 97
0299 84 25 38 33 35 33
0301 33 94 30 45 79 95
0302 72 57 82 88 35 40
0303 66 49 75 51 41 84
0307 36 82 45 58 39 90
0308 45 24 42 23 31 86
0311 62 43 87 96 62 87
0312 75 32 53 57 86 27
0316 96 23 42 44 69 43
0318 58 94 99 31 71 60
0319 27 42 42 94 29 91
0320 51 77 87 54 32 39
0321 26 29 80 42 46 48
0322 74 74 56 40 88 68
0323 41 64 57 72 90100
0325 86 51 86 62100 26
0328 71 47 26 62 52 43
0329 84 28 90 24 40 99
0331 73 23 39 59 82 67
0332 23 99 62 74 31 76
0333 97 90 68 85 64 62
0334 34 38 63 73 30 48
0335 79 49 42 21 71 31
0337 57 52 81 54 53 55
0339 54 97 30 64 29 98
0343 68 33 65 57 55 75
0350 98 65 78 25 94 65
0355 53 93 47 49 28 43
0356 56 91 76 21 91100
0359 76 39 45 90100 99
0360 29 96 48 63 49 24
0362 40 45 67 48 78 75
0363 75 96 73 76 45 50
0365 32 39 53 51 73 46
0366 80 89 99 49 78 37
0367 34 68 54 91 42 62
0368 57 31 95 51 43 82
0369 43 84 30 29 64 37
0370 64 45 63 47 86 48
0371 72 72 57 94 36 31
0373 65 27 32 27 97 28
0376 92 54 50 40 84 86
0378 35 96 77 76 95 65
0379 66 49 32 42 33 93
0384100 25 49 89 94 59
0385 85 87 95 99 22 64
0388 85 42 76 47 35 24
0389 78 44 98 66 91 91
0390 55 36 57 86 38 80
0391 61 72 22 55 91 75
0394 69 23 63 35 63 70
0395 59 44 58 46 67 49
0400 36 26 22 79 48 79
0401 79 58 77 29 76 61
0406 88 56 92 71 37 66
0407 31 36 56 91 58 58
0408 41 28 41 69 88 80
0410 25 69 46 67100 53
0413 53 80 31 63 42 85
0423 82 46 48 25 55 36
0425 23 65 37 62 78 79
0430 77 68 86 76 22 68
0431 40 87 21 49 56 30
0433 96 24 58 92 36 99
0435 52 83100 66 38 44
0438 52 38 70 93 37 31
0440 48 58 50 72 45 62
0444 43 34 33 75 33 62
0452 90 81 34 63 86 91
0454 70 95 53 64 26 31
0455 33 56 76 37 58 61
0457 86 97 53 84 95 64
0463 86 60 64 53 28 54
0467 67 53 28100 49 49
0468 66 39 61 57 37 52
0470 76 95 57 38 38 89
0471 89 90 34 43 21 38
0473 61 67 73 91 28 71
0474 47 93 68 76 23 96
0475 55 24 37 86 32 91
0476 74 86 81 88 86 30
0479 76 26 45 91 95 53
0481 56 24 36 25 63 86
0483 73 31 36 59 60 93
0484 66 93 58 75 23 64
0485 40 75 78 62 50 68
0486 65 23 36 64 78 73
0487 70 55 39 97 92 75
0488 63 98 93 68 67 37
0489 35 78 54 50 35 66
0490 80 94 46 67 89 21
0492 88 90 97 89 87 51
0495 66 44 47 25 41 90
0497 76 95 66 58 81 80
0500 50 54 48 57 58 40
0501 90 21 57 24 88 25
0502 65 51 89 82 46 30
0503 61 27 35 27 82 83
0504 23 90 62 94 94 84
0505 61 26 91 52 92 69
0509 22 39 38 44 89 69
0511 46 71 48 95 29 83
0512 97 91 94 81 88 62
0513 38 93 55 74 56 32
0514 45 72 57 74 86 55
0516 63 58 66 86 81 63
0517 24 29 74100 77 82
0519 30 55 97 43 65 75
0520 26 63 21 63 35 82
0521 83 46 71 96 44 40
0523 57 88 33 79 23 45
0524 49 39 47 42 50 40
0526 81 84 82 21 22 52
0528 95 34 32 83 21 81
0529 83 25 71 94 50 33
0530 63 44 46 63 90 94
0533 60 69 95 26 21 98
0536 47 75 99 43 99 85
0538 25 62 97 95 98 37
0539 79 91 77 39 43 26
0541 72 37 75 62 92 35
0542 66 94 73 38 83 81
0545 66 45 57 37 75 66
0548 23 63 32 82 76 40
0552 24 59 74 22 43 69
0554 41 56 33 68 38 70
0556 60 61 48 88 39 87
0557100 36 31 84 40 94
0558 97 31 54 60 86 24
0559 27 55 59 93 96 72
0561 21 27 87 98 35 70
0563 56 76 85 85 93 98
0567 77 81 28 44 51 30
0569100 30 46 91 42 98
0572 48 71 69 51 98 68
0573 39 91 49 64 30 78
0574 40 65 27 72 31 33
0578 97 85 67 91 65 63
0582 22100 68 77 57 61
0583 74 26 56 56 65 67
0584 86 88 40 21 89 93
0586 70 70 40 48 53 98
0587 82 28 36 41 66 78
0590 44 71 65 30 98 52
0591 59 46 45 44 85 82
0592 72 81 30 64 43 48
0593 68 42 22 65 25 57
0596 95 35 23 92 46 22
0600 80 65 53 75 59 35
0601 84 41 26 69 92 81
0602 32 46 50 52 34 21
0603 40 67 75 62 56 23
0605 37 53 97 49 53 42
0606 86 37 24 29 84 98
0607 60 44 66 53 48 91
0608 47 47 47 51 23 52
0609 90 30 71 69 21 97
0610 98 96 35 43 99 38
0611 21 29 21 44 63 90
0613 80 54 28 96 70 97
0614 69 71 46 80 60 74
0616 31 25 47 52 79 80
0617 58 28 61 84 60 35
0618 93 56 93 77 51 85
0619 63 95 99 46 52 88
0620 23 35 63 82 32 90
0624 79 90 81 43 56 94
0625 89 27 66 71 33 75
0627 71 39 54 33 23 52
0629 72 86 95 21 35 98
0631 43 76 44 69 56 84
0632 94 55 78 93 71 82
0634 29 37 61 30 54 89
0637 22 45 44 61 24 40
0640 43 72 76 25 56 83
0641 73 58 42 83 30 78
0642 24100 65 78 51 40
0643 39 22 70 81 99 33
0644 93 27 99 82 51 61
0645 73 68 31 97 86 53
0647 96 98 60 46 55 53
0648 69 21 85 43 63 70
0650 70 53 74 79 60 89
0654 67 92 80100 34 34
0655 37 80 82 95 77 88
0660 48 33 65 89 54 22
0662 44 59 41 52 57 64
0666 80 57 93 92 87 38
0670 39 69 21 71 53 29
0671 57 54 89 45 26 80
0672 45 53 96 39 35 49
0673 77 26 65 45 65 98
0679 91 44 78 46 34 52
0681 56 65 93 79 80 58
0683 22 78 81 84 55 94
0687 59 95 37 79 31 78
0689 77 97 91 34 92 50
0691 39 71 52 22 31 61
0693 93 54 51 41 24 44
0694 93 93 43 62 34 37
0699 72 72 27 36 63 30
0700 84 62 87 50 38 22
0701 39 83 33 59 75 23
0702 29 46 36 58 33 55
0704 79 39 84 89 90 85
0705 99 50 99 85 99 23
0706 66 28 25 47 73 44
0707 70 63 58 87 40 22
0709 88 71 46 57 49 87
0711 42 97 75 86 77 84
0712 45 76 78 49 80 61
0713 91 80 87 62 84 57
0714 76 70 21 67 75 87
0715 84 32 35 77 91 70
0716 75 37 38 97 98 33
0718 47 55 59 91 73 44
0720 72 40 27 55 85 31
0721 62 36 54 57 74 76
0722 68 91 60 49 21 81
0725 43 78 43 30 60 62
0727 79 97 83 59 77 57
0728 45 58 82 45 42 69
0729 68 53 31 88 50 60
0730 92 48 29 26 90 97
0731 85 92 40 87 24 39
0733 86 63 55 30 98 38
0737 58 31 50 66 54 36
0740 66 64 60 40 31 78
0743 85 56 68 57 92 76
0745100 72 76 70 72 90
0747 90 74 90 46 84 47
0748 50 34 90 37 47 78
0749 61 38 41 49 54 65
0750 86 60 73 53 58 77
0752 75 59 67 31 96 55
0753 84 32 41 79 49 66
0755 61 60 43 38 70 98
0756 62 37 62 27 88 33
0757 41 40 75 43 69 41
0759 54 54 65 44 31 60
0760 43 37 52 47 62 30
0762 35 67 42 31 39 41
0763 53 78 69 79 33 74
0764 39 38 78100 23 68
0768 50 31 63 27 39 26
0770 80 73 37 59 32 81
0778 80 78 88 57 36 30
0779 60 85 47 50 29 52
0783 62 76 77 74 92 94
0784 34 77 39 77 78 84
0785 51 27 93 28 68 31
0786 63 76 87 87 23 76
0788 82 97100 65 76 86
0790 78 28 62 72 84 99
0791 59 61 68 80 28 28
0793 28 56 48 87 31 31
0794 82 41 59 26 92 98
0797 73 36 92 49 21 21
0800 53 33 32 95 24 55
0801 34 75 35 58 69 51
0802 57 99 62 65 83 55
0806 62 72 87 99 58 50
0808 54 55 70 89 75 69
0809 24 57 65 92 74 21
0824 85 32 80 41 45 76
0825 92 48 71 75 63 86
0826 38 51 66 33 41 50
0833 69 91 29 93 70 67
0836 54 38 84 53 56 62
0839 70 55 43 76 86 85
0840 64 92 51 30 77 91
0841 22 63 32 82 35 49
0843 66 32 99 63 42 45
0844 97 59 85 76 67 33
0845 35 80 74 27 52 83
0849 76 38 68 82 80 21
0850 68 28 90 53 73 76
0851 89 80 73 69 46 85
0853 52 46 94 39 48 46
0854 75 85 73 42 95 90
0855 88 92 41 22 49 85
0856 92 45 50 22 68 46
0859 74 59 59 53 39 57
0861 92 21 99 57 87 80
0862 96 85 53 89 82 35
0863 77 29 45 95 23 60
0864 80 62 94 29 97 48
0868 60 99 42 84 34 26
0870 83 35 39 55 32 69
0872 50 47 92 72 89 38
0876 71 51 75 90 45 54
0878 28 96 57 36 80 95
0881 25 82 90 76 81 98
0882 38 70 21 91 53 83
0885 66 60 40 26 45 32
0886 63 98 79 35 99 91
0887 64 38 49 59 98 48
0891 88 43 32 70 86 82
0894 56 43 63 34 69 74
0902 31 49 81 35 81 59
0905 74 85 62 71 66 43
0907 43 38 92 26 45 35
0911 85 41 32 71 96 81
0914 23 27 70 71 21100
0916 60 56 92 58 21 36
0918100 73 43 94 64 75
0919 73 50 28 53 43 24
0921 58 33 73 40 45 76
0926 65 62 87 81 67 95
0927 95 69 65 44 86 84
0929 71 55 75 59 88 83
0930 43 24 59 33 78 79
0932 69 40 30 77 71 36
0934 90 98 25 82 60 90
0938 87 43 54 61 77 79
0939 99 24 30 83 60 43
0941 26 46 56100 64 80
0942 24 75 80 99 51 48
0945 37 38 62 81 82 24
0949 95 96 43 34 66100
0952 38 56 92 79 83 33
0953 32 48 72 68 31 89
0956 33 70 52 35 38 97
0958 63 32 45 22 64 66
0959 99 22 39 58 23 61
0962 75 67 38 96 73 95
0965 29 72 31 50 58 96
0967 71 30 68 59 72 46
0971 30 57 26 23 71 27
0972 58 27 37 52 62 47
0974 49 67 89 48 85 62
0976 66 98 68 81 32 57
0977 73 55 58 26 68 56
0978 61 84 81100 78 27
0980 42 62 50 22 63 75
0981 26 89 35 61 67 69
0987 57 91 94 46 80 36
0988 45 29 44 52 78 71
0989 22 37 91 93 86 73
0990 65 38 30 38 96 25
0993 57 83 68 31 84 66
0995 83 88 60 95 23 61
0997 58 24 76 86 27 29
0999 28 76 36 89 42 49
1000 53 81 77 62 91 92
1001 30 30 59 99 52 89
1007 60 91 31 35 86 49
1008 83 54 25 70 54 92
1010 47 58 28 65 21 93
1011 81 41 54 99 72 45
1018 90 39 67 76 94100
1021 98 31 36 48 64 93
1022 61 42 43 64 53 21
1023 51 71 63 52 86 30
1027 81 24 90 75 82 24
1028 27 58 98 48 54 74
1029 73 78 86 89 51 88
1030 30 30 59 49 55 21
1031 23 30 91 96 83 35
1032 49 59 65 35 27 48
1033 48 56 61 77 27 95
1034 64 50100 56 87 63
1037 82 44 64 45 55 47
1038 30 28 86 88 69 29
1039 36 30 38 48 76 38
1040 77 96 56 90 24 30
1041 94 59 25 59 24 26
1043 46 89 23 99 32100
1045 90 59 42 93 42 28
1047 90 23 25 94 94 38
1048 74 40 87100 83 54
1054 98 53 65 45 89 45
1055 76 61 83 80 76 22
1058100 26 75 78 33 96
1060 59 33 67 23 90 58
1061 94 99 68 33 83 50
1066 72 22100 58 63 92
1070 23 32 88 89 30 42
1072 25 60 85 71 82 80
1077 44 77 82 32 69 99
1078 95 75 49 64 49 58
1079 71 68 63 79 22 37
1080 29 81 61 76 69 21
1081 23 96 84 94 74 35
1084 39 72 99 28 22 65
1085 59 85 97 89 62 38
1086 25 59 29 97 97 60
1087 32 30 85 99 81 41
1089 26 26 69 91 23 52
1090 93 70 51 46 29 53
1091 32 59 76 36 71 75
1094 60 43 85 75 27 64
1095 37 67 74 45 46 27
1097 44 79 63 79 49 65
1099 73 37 21 41 93 44
1100 52 81 39 71 31 87
1101 41 57 36 89 76 51
1105 26 75 99 60 75 27
1106 97 97 85 87 45 45
1109 52 76 51 25 25 82
1112 46 71 78 54 99 60
1113 77 88 48 60 30 54
1115 38 43 49 89 36 32
1116 92 94 21 60 22 87
1117 27 75 51 35 60 74
1118 34 90 76 58 84 61
1119 28 99 46 30 51 44
1123 98 60 43 73 74 66
1124 47 71 21 95 98 36
1125 21 40 81 50 25 29
1130 60 93 56 42 65 59
1131 30 47 75 51 90 81
1133 27 96 56 66100 56
1135 59 77 76 88 30 23
1137 96 34 92 67 23 74
1139 77 84 27 29 50 72
1141 37 34 36 98 23 85
1142 41 25 78 49 71 95
1143 88 94 61 68 35 28
1147 47 76 72 62 97 78
1148 54 90 38 63 34 79
1152 74 78 30 72 93 80
1155 57 49 82 78 22 71
1156 72 45 80 68 24 31
1157 61 42 47 72 81 79
1158 61 83 37 91 29 54
1159 72 46 38 34 70 85
1161 51 80 23 78 47 24
1163 27 25 35 99 67 65
1164 52 52 81 91 71 66
1166 51 78 55 40 93 84
1167 42 49 70 32 63 94
1168 85 48 60 89 43 68
1169 70 31 99 79 32 89
1170 89 30 88 60 40 54
1172 47 34 87 99 57 23
1174 37 94 85 72 82 61
1175 29 57 65 97 49 69
1176 93 44 32 59 88 82
1178 39 71 26 66 62 47
1179 24 84 31 63100 21
1181 57 71 53 96 21 99
1183 55 47 24 26 52 34
1185 26 59 35 94100 69
1186 65 42 95 69 31 54
1187 76 69 91 45 95 67
1188 82 60 80 80 85 51
1189 52 58 90 91 72 75
1190 85 88 94 51 71 34
1192 60 51 23 78 98 44
1193 31 49 27 23 41 88
1194 38 69 90 81 22 42
1195 46 62 40 85 69 92
1196100 51 29 78 23 85
1199 80 30 62 78 49 71
1202 22 50 34 28 98 59
1204 24 78 46 77 99 92
1205 99 29 39 90 74 92
1206 95 23 21 90 67 74
1207 59 25 71 93 35 31
1208 23 28100 32 33 95
1211 91 27 50 38 45 99
1212 85 84 62 97 24 47
1216 82 40 48 23 99 24
1218 63 52 99 39 67 85
1219 83 92 49 86 99 62
1222 51 33 28 61 63 25
1223 60 63 56 98 81 46
1224 26 68 72 63 81 82
1226 22 21 57 69 23 55
1227 92 79 22 31 40 44
1228 45 85 64 75 31 43
1229 37 62 83 25 53 61
1232 50 28 52 98 51 75
1233 72 80 86 73 74 21
1234 94 49 27 50 68 79
1235 35 24 40 91 65 52
1236 42 91 62 62 25 26
1241 35 94 74 99 46 96
1242 28 50 64 42 90 44
1244 41 43 98 94 86 70
1245 36 35 27 31 78 74
1247 77 37 21 87 50 96
1248 39 56 75 61 33 27
1250 33 87 59 30 30 56
1255 91 71 63 96 89100
1256 24 21 95 53 38 59
1257 85 88 92 37 58 86
1259 87 45 86 76 84 49
1263 30 76 99 31 40 21
1264 28 33 97 48 66 27
1265 28 92 38 52 61 60
1267 95 52 85 47 22 93
1268 48 32 87 61 76 47
1270 86 82 75 31 79 63
1271 43 49 49 62 36 96
1279 92 85 83 95 42 46
1283 22 80 27 49 24 70
1286 68 85 30 93 41 39
1287 49 87 25 58 94 90
1288 90 47 43 41 54 70
1289 60 64 69 22 54 83
1291 75 57 66 41 84 43
1292 68 21 93 36 77 85
1293 54100 95 78 54 94
1295 64 87 94 88 66 53
1297 50 82 32 22 67 37
1300 92 50 97 45 88 63
1302 97 41 35 83 74 35
1305 53 80 21 59 29 91
1307 68 57 57 44 34 66
1309 86 92 93 25 58 44
1311 32 58 47 51 21 67
1313 97 58 58 36 43 58
1314 81 25 30 38 30 53
1316 50 69 27 64 96 83
1319 79 52 80 24 47 36
1320 64 89 52 46 21 29
1323 62 99 85 66 23 52
1324 69 49 29 63 79 31
1325 41 57 55 22 84 62
1326 63 51 27 55 72 48
1327 33 75 91 84 85 89
1328 23 58 36 36 28 63
1330 81 48 24 48 99 60
1331 97 67 31 96 84 21
1332 22 73 28 67 48 66
1335 21 44 42 37 98 87
1338 77 98 93 81 80 79
1339 46 74 80 49 46 64
1340 93 89 29 59 55 82
1343 96 90 41 41 96 29
1344 54 62 81 37 98 43
1345 79 89 83 34 46 74
1346 73 75 98 57 58 62
1348 45 23 50 93 73 77
1349 73 38 69 29 38 40
1350 51 56 36 51 82 65
1353 50 36 40 66 32 96
1354 84 45 55 33 34 69
1355 41 48 78 94 26 81
1357 29 66 30 85 25 22
1358 52 59 61 92 50 56
1359 65 57 97 73 39 58
1362 43 21 37 34 83 57
1364 84 23 68 62 57 29
1365 94 45 51 83 29 54
1367 53 61 43 92 38 49
1368 24 85 86 69 71 65
1369 50 89 44 73 58 81
1371 52 74 49 69 52 65
1372 22 61 37 40 49 22
1374 30 34 81 90 83 83
1377 21 63 31 52 24 30
1379 93 21 81 87 59 99
1380 91 50 66 44 49 41
1382 79 80 92 52 55 75
1384 97 85 90 32 53 69
1385 53 40 99 62 45 58
1386 65 58 26 77 30 76
1388 81 92 47 61 53 88
1390 75 42 96 36 69 59
1394 93 29 25 23 40 89
1395 89 22 40 50 56 22
1396 61 50 23 35 22 80
1398 63 48 69 43 64 75
1399 86 70 41 63 44 85
1400 55 59 61 55 65 35
1405 48100 36 69 37 89
1406 44 96 52 65 99 63
1408 90 54 30 59 64 57
1416 52 82 76 29 65 98
1417 77 42 91 91 50 80
1419 35 67 43 90 31 27
1423 99 86 54 82 60 66
1430 29 88 92 56 97 86
1431 40 45 36 27 32 38
1432 60 90 42 28 57 34
1434 49 97 54 62 48 67
1439 34 62 42 33 96 53
1440 60 43 45 37 71 78
1442 65 39 39 32 40 47
1443 40 25 50 47 27 34
1444 56 42100 50 97 60
1445 55 70 37 88 50 97
1446 96 98 29 52 74 93
1448 48 32 69 72 37 57
1452 40 84 46 28 74 57
1453 89 53 82 74 98 90
1454 77 85 40 76 32 95
1456 36 47 95 79 70 23
1457 62 90 49100 23 95
1459 88 49 59 84 74 26
1460 30 96 27 44 93 90
1462 68 98 50 81 92 44
1465 90 61 55 50 85 86
1467 95 41 63 35 65 85
1469 93 54 42 80 27 37
1472 51 57 68 28 73 96
1474 98 34 64 65 40 56
1475 26 79 28 89 67 83
1477 42 46 64 84 70 64
1478 72 73 48 99 67 45
1480 94 33 97 34 53 37
1482 76 25 57 74 32 32
1484 70 34 91 76 78 26
1485 65 89 69 30 34 96
1486 42 89 79 56 40 80
1487 89 33 29 79 76 44
1489 57 83 59 30 74 90
1492 44 22 37 40 69 60
1493 72 90 72 45 47 32
1494 60 21 85 54 29 60
1498 61 52 54 51 48 23
1503 76 48 56 95 30 55
1507 92 42 43 60 78 80
1509 50 23 66 64 96 55
1511 65 27 23 42 45 47
1514 75 42 38 87 49 92
1517 78 49 74 53 73 79
1519 77 78 56 34 53 25
1520 87 99 74 68 52 68
1521 50 78 64 87 25 39
1523 60 28 47 60 93 65
1524 51 51 65 69 94 36
1527 53 92 81 72 22 90
1530 66 38 88 42 99 76
1534 37 46 85 58 71 92
1535 44 85 56 86 51 26
1537 40 58 51 81 47 75
1538 78 84 53 79 49 48
1539 94 26 43 91 91 75
1540 87 38 94 22 97 37
1543 61 98 56 44 90 51
1544 47 28 96 58 73 77
1545 81 43 36 62 47 46
1546 86 60 24 91 55 79
1548 22 32 94 75 71 84
1549 95 52 57 49 35 67
1551 41 28 41 57 77 25
1553 77 49 47 93 87 74
1554 91 51 87100 44 51
1560 94 43 66 95 78 82
1562 40 80 21 82100 81
1563 23 99 47 42 91 73
1564 54 63 40 98 48 73
1568 64 95 99 69 28 97
1571 33 28 88 86 24 82
1574 97 68 88 99 62 37
1576 22 74 59 35 66 99
1578 44 21 69 52 49 90
1583 30 71 54 54 61 91
1584 61 91 32 44 30 41
1585 29 48 47 40 33 51
1590 31 21 71 68 72 92
1594 75 97 85 21 64 80
1595 33 49 95 32 65 54
1597 82 63 83 41 33 93
1598 55 43 44 65 62 87
1600 41 41 82 43 63 72
1602 37 85 98 43 61 32
1603 64 92 46 30 28 58
1609 89 56 90 40 85 52
1610 28 69 44 85 43 76
1611 72 89 57 94 46 95
1613 37 92 74 39 79 72
1615 44 31 61 30 66 42
1617 93 47 39 67 29 94
1620 43 35 41 30 36 95
1623 68 91 68 21 89 24
1625 59 24 98 89 48 26
1626 41 34 90 25 31 79
1627 21 29 74 21 34 80
1628 51 89 62 63 79 95
1629 87 48 45 37 91 68
1630 64 49 50 31 46 24
1631 93 53 73 64 64 55
1634 45 56 93 46 26 22
1641 34 71 51 97 53 31
1642 39 32 61 81 47 34
1644 67 29 24 47 58 59
1648 49 79 92 97 56 26
1652 69 64 80 80 36 85
1654 87 56 80 95 39 46
1655 40 92 73 25 79 89
1657 49 74 23 57 39 60
1660 91 69 35 40 82 21
1661 60 40 98 45 49 46
1662 50 75 39 69 51 48
1664 21 24 48 30 93 34
1666 36 97 45 38 44 63
1667 54 31 46 52 59 42
1669 41 26 45 34 62 86
1670 70 60 29 72 51 52
1672 51 68 70 39 84 76
1674 75 35 37 96 41 92
1676 92 24 45 32 90 65
1678 67 28 56 87 53 48
1682 81 66 23 33 63 83
1685 99 29 25 96 49 52
1687 92 94 42 84 56 63
1688 62 69 94 92 52 38
1689 87 52 33 24 23 37
1694 26 74 83 90 78100
1695 95 53 78 56 76 95
1696 64 53 65 30 36 61
1697 87 37 68 74 90 98
1698 82 59 94 84 30 37
1699 63 59 85 24 93 37
1700 81 95 54 54 46 61
1701 68 39 73 51 57 65
1703 95 70 26 27 67 97
1706 73 35 48 70 86 42
1707 33 91 23 82 94 66
1712 70 28 25 89 91 93
1713 41 84 26 96 53 55
1715 63 66100 87 55 57
1716 83 35 98 22 39 63
1717 87 29 68 66 39 82
1718 45 65 70 70 30 58
1719 22 50 40 85 21 51
1731 28 88 72 23 90 73
1732 88 70 27 57 45100
1733 92 78 90 70 93 50
1734 88 98 90 59 38 76
1735 72 74 31 30 99 56
1736 45 88 86 93 62 40
1738 59 82 85 59 52 42
1740 83 68 42 60 22 60
1742 69 67 97 59 60 57
1744 93 70 79 98 63 89
1746 98 21 58 38 91 96
1748 56 94 93 28100 47
1753 38 77 27 31 88 31
1756 51 72 68 29 90 84
1760 45 84 35 27 26 56
1762 77 58 76 36 21 37
1763 82 71 62 97 26 29
1765 63 91 41 76 61 29
1767 61 80 41 97 50 25
1768 92 86 51 99 80 35
1772 83 69 50 58 42 30
1773 21 95 52 28 89 24
1774 87 95 45 86 21 46
1777 98 85 82 24 97 48
1778 39 45 30 25 87 77
1779 93 87 96 49 68 64
1782 52 57 99 42 41 38
1783 64 27 31 25 87 57
1785 33 75 48 95 63 61
1789 66 61 74 82 72 52
1790 64 76 97 79 25 21
1791 45 85 50 31 38 78
1793 25 29 60100 89 98
1796 68 28 23 27 50 52
1797 28 25100 79100 33
1801 66 63 72 71 53 50
1802 40 55 85 96 44 22
1803 70 52 92 89 35 89
1806 92 84 76 38 29 54
1807 77 92 97 34 64 47
1808 29 80 85 67 69 53
1809 96 73100 65 82 42
1810 74 72 59 99 89 66
1813 95 98 34 22 71 80
1814 60100 43 62 85 66
1816 61 84 45 57 40 72
1817 48 64 26 92 52 41
1819 30 59 67 59 62100
1823 57 80 72 24 97 32
1824 62 33 27 45 99 99
1825 81 95 52 87 60 35
1827 52 21 97 63 91 82
1829 97 89 49 74 80 89
1832 22 47100 27100 66
1834 33 90 24 98100 41
1838 46 99 46 99 59 80
1839 49 21 96 51 48 74
1840 60 83 35 56 33 48
1841 57 57 91 59 34 59
1842 77 90 60 76 78 42
1844 29 64 66 21 33 85
1845 76 86 86 25 36 57
1846 85 25 36 24 66 29
1847 24 84 38 35 86 97
1849 59 73 26 21 57 62
1851 86 82 63 90 89 65
1852 37 45 95 81 33 22
1853 56 80 23 53 59 73
1854 21 98 29 47 46 63
1856 94 24 22 43 52 45
1860 31 40 26 97 66 64
1861 75 48 33 51 58 58
1862 27 68 69 32 79 84
1863 42 45 22 62 25 24
1864 59 84 91 41 29 91
1866 82 26 55 34 66 32
1867 94 40 30 26 92 95
1868 87 25 92 27 50 96
1869 85 79 72 93 59 25
1873 35 56 35 92 38 44
1878 54 95 92 99 57 21
1879 68 39 27 44 60 86
1880 95 73 93 37 75 51
1882 55 40 81 30 45 65
1884 93 91 51 39 31 95
1886 53 56 90 81 58 33
1892 29 87 74 45 96 50
1893 45 29 82 41 37 71
1894 97 68 61 34 43 90
1895 82 80 68 76 33 60
1896 55 67 99 53 97 87
1902 53 92 58 33 76 59
1903 22 84 39 22 93 87
1904 70 54 71 70 59 67
1905 42 73 78 34 55 36
1906 70 63 35 49 85 28
1909 98 43100 27 58 28
1914 80 56 21 89 36 74
1916 87 91 56 59 67 33
1922 25 86 39 69 57 96
1923 96 92 25 26 42 49
1924 21 53 39 51 64 22
1925 99 62 32 77 21 40
1927 44 33 90 46 83 30
1929 45 77 32 48 75100
1930 92 66 85 90 83 98
1932 69 44 74 71 70 73
1933 31 23 62 65 35 49
1935 62 91 69 82 76 22
1936 32 22 31 35 70 28
1938 27 80 62 47 95 55
1940 42 98 92 72 44 59
1944 56 36 59 51 67 76
1945 98 45 87 57 57 37
1946 86 44 54 59 79 57
1947 54 32 34 48 23 64
1951 70 60 24 31 55 30
1952 68 41 53 44 28 37
1956 41 54 84 89 42 74
1959 31 83 64 41 78 70
1961 23 40 37 68 87 27
1962 63 76 82 79 85 52
1968 30 87 73 72100 57
1969 57 34 42 89 97 60
1972 29 22 80100 97 35
1973 78 95 45 41 45 98
1974 33 91 31 28 26 89
1975 87 71 89 90 68 80
1978 95 51 73 69 44 28
1979 81 95 41 69 82 95
1980 67100 80 45 26 34
1981 85 95 57 87 94 39
1982 87 99 24 97 79 46
1983 75 74 76 82 23 84
1984 88 55 61 89 37 47
1985 96 93 28 35 76 73
1987 53 61 22 85 87 71
1989 85 22 49 68 48 25
1990 41 61 72 30 52 78
1991 40 23 22 50 44 35
1992 27 76 63 70 69 40
1995 24 91 56 33 86 76
1998 35 51 74 81 96 67